46.87222 15.90361
46.86694 11.02444
47.24889 13.55972
48.19972 15.63111
48.20422 13.825
47.11056 13.13336
48.01278 16.845
47.27111 9.60972
47.38878 11.75814
47.42126 14.75961
48.10889 14.895
47.40833 16.26139
46.49056 14.59333
46.96806 10.18556
47.00722 11.51083
47.44417 15.64389
47.38789 12.64844
47.97722 13.10556
48.69083 15.36694
48.32389 16.11806
46.62528 13.68444
46.74189 13.08286
47.54594 15.24069
47.53278 14.13826
47.6105 13.75844
48.60333 16.06167
47.40417 10.92
46.938333 14.920278
47.00478 12.6465
47.49917 9.74611
